0.857
1.714
2.571
3.428
4.285
5.142
5.999
6.855999
7.712999
8.57
9.427
10.284
11.141
11.998
12.855
13.712
14.569
15.426
16.283
17.14
17.997
18.854
19.711
20.568
21.425
22.28201
23.13901
23.99601
24.85301
25.71001
26.56701
27.42401
28.28101
29.13801
29.99501
30.85201
31.70901
32.56601
33.42301
34.28001
35.137
35.994
36.851
37.708
38.565
39.422
40.279
41.13599
41.99299
42.84999
43.70699
44.56399
45.42099
46.27798
47.13498
47.99198
48.84898
49.70598
50.56298
51.41998
52.27697
53.13397
53.99097
54.84797
55.70497
56.56197
57.41896
58.27596
59.13296
59.98996
60.84696
61.70396
62.56096
63.41795
64.27496
65.13196
65.98896
66.84596
67.70296
68.55997
69.41697
70.27397
71.13097
71.98798
72.84498
73.70198
74.55898
75.41599
76.27299
77.12999
77.98699
78.84399
79.701
80.558
81.415
82.272
83.12901
83.98601
84.84301
85.70001
86.55701
87.41402
88.27102
89.12802
89.98502
90.84203
91.69903
92.55603
93.41303
94.27003
95.12704
95.98404
96.84104
97.69804
98.55505
99.41205
100.2691
101.1261
101.9831
102.8401
103.6971
104.5541
105.4111
106.2681
107.1251
107.9821
108.8391
109.6961
110.5531
111.4101
112.2671
113.1241
113.9811
114.8381
115.6951
116.5521
117.4091
118.2661
119.1231
119.9801
120.8371
121.6941
122.5511
123.4081
124.2651
125.1221
125.9791
126.8361
127.6931
128.5501
129.4071
130.2641
131.1211
131.9781
132.8351
133.6921
134.5491
135.4061
136.2631
137.1201
137.9771
138.8341
139.6911
140.548
141.405
142.262
143.119
143.976
144.833
145.69
146.547
147.404
148.261
149.118
149.975
150.832
151.689
152.546
153.403
154.26
155.117
155.974
156.8309
157.6879
158.5449
159.4019
160.2589
161.1159
161.9729
162.8299
163.6869
164.5439
165.4009
166.2579
167.1149
167.9719
168.8289
169.6859
170.5429
171.3999
172.2569
173.1138
173.9708
174.8278
175.6848
176.5418
177.3988
178.2558
179.1128
179.9698
180.8268
181.6838
182.5408
183.3978
184.2548
185.1118
185.9688
186.8258
187.6828
188.5397
189.3967
190.2537
191.1107
191.9677
192.8247
193.6817
194.5387
195.3957
196.2527
197.1097
197.9667
198.8237
199.6807
200.5377
201.3947
202.2517
203.1087
203.9657
204.8226
205.6796
206.5366
207.3936
208.2506
209.1076
209.9646
210.8216
211.6786
212.5356
213.3926
214.2496
215.1066
215.9636
216.8206
217.6776
218.5346
219.3916
220.2486
221.1055
221.9625
222.8195
223.6765
224.5335
225.3905
226.2475
227.1045
227.9615
228.8185
229.6755
230.5325
231.3895
232.2465
233.1035
233.9605
234.8175
235.6745
236.5314
237.3884
238.2454
239.1024
239.9594
240.8164
241.6734
242.5304
243.3874
244.2444
245.1014
245.9584
246.8154
247.6724
248.5294
249.3864
250.2434
251.1004
251.9574
252.8143
253.6713
254.5283
255.3853
256.2423
257.0993
257.9563
258.8133
259.6703
260.5273
261.3843
262.2413
263.0983
263.9553
264.8123
265.6693
266.5263
267.3833
268.2403
269.0973
269.9543
270.8112
271.6682
272.5252
273.3822
274.2392
275.0962
275.9532
276.8102
277.6672
278.5242
279.3812
280.2382
281.0952
281.9522
282.8092
283.6662
284.5232
285.3802
286.2372
287.0941
287.9511
288.8081
289.6651
290.5221
291.3791
292.2361
293.0931
293.9501
294.8071
295.6641
296.5211
297.3781
298.2351
299.0921
299.9491
300.8061
301.6631
302.5201
303.377
304.234
305.091
305.948
306.805
307.662
308.519
309.376
310.233
311.09
311.947
312.804
313.661
314.518
315.375
316.232
317.089
317.946
318.8029
319.6599
320.5169
321.3739
322.2309
323.0879
323.9449
324.8019
325.6589
326.5159
327.3729
328.2299
329.0869
329.9439
330.8009
331.6579
332.5149
333.3719
334.2289
335.0858
335.9428
336.7998
337.6568
338.5138
339.3708
340.2278
341.0848
341.9418
342.7988
343.6558
344.5128
345.3698
346.2268
347.0838
347.9408
348.7978
349.6548
350.5117
351.3687
352.2257
353.0827
353.9397
354.7967
355.6537
356.5107
357.3677
358.2247
359.0817
359.9387
