10.93612
10.93734
10.94102
10.94714
10.95572
10.96677
10.98031
10.99634
11.01488
11.03596
11.05961
11.08583
11.11468
11.14617
11.18036
11.21727
11.25695
11.29945
11.34482
11.39312
11.44439
11.49872
11.55616
11.6168
11.68069
11.74794
11.81863
11.89285
11.9707
12.05229
12.13774
12.22716
12.32069
12.41845
12.52061
12.62731
12.73871
12.85501
12.97637
13.10301
13.23513
13.37297
13.51676
13.66677
13.82328
13.98657
14.15698
14.33483
14.5205
14.71438
14.82724
14.59357
14.37031
14.1569
13.95282
13.75757
13.5707
13.3918
13.22047
13.05635
12.89911
12.74843
12.60402
12.4656
12.33291
12.20572
12.08381
11.96696
11.85497
11.74766
11.64486
11.5464
11.45214
11.36192
11.27562
11.1931
11.11425
11.03896
10.96712
10.89862
10.83339
10.77133
10.71236
10.6564
10.60338
10.55324
10.50591
10.46133
10.41945
10.38022
10.34358
10.3095
10.27794
10.24886
9.839065
9.661431
9.563444
9.508931
9.487135
9.494756
9.532907
9.608019
9.739276
10.03159
10.0849
10.08373
10.08482
10.08817
10.09377
10.10165
10.1118
10.12424
10.13898
10.15604
10.17543
10.19719
10.22133
10.24789
10.27688
10.30836
10.34235
10.37889
10.41803
10.45982
10.5043
10.55154
10.60158
10.6545
10.71035
10.76921
10.83117
10.89629
10.96467
11.03639
11.11156
11.19028
11.27267
11.35884
11.44892
11.54304
11.64134
11.74399
11.85114
11.96296
12.07964
12.20137
7.324567
7.17246
7.097402
7.05591
7.04319
7.058475
7.095958
7.167116
7.323057
13.03724
12.83167
12.63527
12.44753
12.26799
12.09623
11.93184
11.77446
11.62374
11.47937
11.34105
11.2085
11.08146
10.9597
10.84298
10.73109
10.62385
10.52105
10.42254
10.32814
10.23771
10.1511
10.06817
9.988808
9.912885
9.840293
9.770926
9.704687
9.641481
9.581224
9.523833
9.469231
9.417347
9.368112
9.321464
9.277343
9.235695
9.196466
9.159611
9.125083
9.092841
9.062847
9.035065
9.00946
8.986007
8.964675
8.945441
5.829508
5.721072
5.665902
5.627176
5.607952
5.606464
5.616513
5.650163
5.696833
5.783898
5.977013
8.872603
8.87949
8.888378
8.899277
8.912198
8.927157
8.944171
8.963259
8.984444
9.007748
9.033199
9.060828
9.090667
9.12275
9.157117
9.193808
9.232868
9.274344
9.318291
9.364759
9.413811
9.465508
9.519917
9.577111
9.637164
9.70016
9.766185
9.835329
9.907691
9.983377
10.0625
10.14517
10.23152
10.32168
10.41579
10.51401
10.6165
10.72343
10.83498
10.95136
11.07276
11.19942
11.33158
11.46949
11.61343
11.76369
11.92059
12.08448
11.36693
11.14514
11.01609
10.93675
10.89344
10.88072
10.89716
10.94459
11.02918
11.16638
11.40839
12.14949
12.01591
11.88787
11.76514
11.64749
11.53473
11.42666
11.32311
11.22391
11.1289
11.03793
10.95086
10.86757
10.78794
10.71184
10.63917
10.56983
10.50372
10.44076
10.38085
10.32393
10.26991
10.21872
10.17031
10.12461
10.08157
10.04112
10.00323
9.967845
9.934922
9.904426
9.876319
9.850568
9.827146
9.806022
9.787173
9.770578
9.75622
9.74408
9.734144
9.726403
9.720847
9.717471
9.71627
9.717243
9.72039
9.725717
9.733229
9.742932
9.75484
9.768966
9.785324
9.803934
9.824819
9.848
9.873504
9.901362
9.931605
9.964271
9.999396
10.03702
10.0772
10.11997
10.16539
10.21351
10.2644
10.31812
10.37473
10.43432
10.49696
10.56274
10.63173
10.70405
10.77978
10.85904
10.94194
11.0286
11.11915
11.21373
11.31249
11.41557
11.52316
11.63542
11.75255
11.87474
12.00221
12.13519
12.27393
12.41868
12.56974
12.72741
12.89199
13.06386
13.24336
13.43092
13.62696
13.83194
14.04638
14.27081
14.50583
14.53381
14.34758
14.16919
13.99827
13.83449
13.67752
13.52706
13.38284
13.24459
13.11208
12.98506
12.86334
12.7467
12.63495
12.52793
12.42546
12.3274
12.23358
12.14387
12.05815
11.97629
11.89818
11.82371
11.75278
11.6853
11.62117
11.56031
11.50264
11.4481
11.39661
11.34811
11.30253
11.25983
11.21996
11.18285
11.14848
11.1168
11.08777
11.06136
11.03754
11.01628
10.99756
10.98135
10.96764
10.95642
10.94766
10.94136
10.93752
