9.306664
9.30756
9.310539
9.315604
9.322762
9.33202
9.343389
9.356881
9.372513
9.390301
9.410266
9.43243
9.45682
9.483464
9.512393
9.543639
9.577242
9.613241
9.651679
9.692602
9.736061
9.78211
9.830807
9.882214
9.936394
9.993421
10.05337
10.11631
10.18235
10.25156
10.32404
10.3999
10.47924
10.56218
10.64885
10.73938
10.8339
10.93256
11.03554
11.14299
11.25509
11.37204
11.49405
11.62133
11.75412
11.89267
12.03726
12.18816
12.34569
12.51018
12.68199
12.8615
13.04913
13.24532
13.45055
13.66535
13.89028
14.12595
14.37303
14.63224
14.90436
15.19026
15.49088
15.4229
15.25838
15.10067
14.9495
14.8046
14.66574
14.53268
14.4052
14.28312
14.16622
14.05434
13.94731
13.84497
13.74718
13.65379
13.56467
13.47971
13.39878
13.32178
13.24861
13.17918
13.11338
13.05114
12.99239
12.93704
12.88503
12.8363
12.79078
12.74844
12.7092
12.67303
12.63988
12.60973
12.58252
12.55824
12.53684
12.51832
12.50264
12.4898
12.47977
12.47254
12.46811
12.12903
11.95323
11.86563
11.83176
11.84333
10.60127
10.43502
10.374
10.36841
10.41756
10.55204
12.63439
12.66701
12.70264
12.74134
12.78314
12.8281
12.87626
12.92769
12.98245
13.0406
13.10223
13.16739
13.23619
13.3087
13.38502
13.46525
13.5495
13.63788
13.73051
13.82752
13.92905
14.03525
14.14627
14.26227
14.38344
14.50996
14.64203
14.77986
14.92368
15.07374
15.23028
15.39359
15.56396
15.7417
15.92716
16.12068
16.25589
15.97497
15.70705
15.45137
15.20723
14.97398
14.75103
14.53783
14.33386
14.13865
13.95177
13.77281
13.60138
13.43714
13.27976
13.12892
12.98434
12.84575
12.7129
12.58556
12.46351
12.34654
12.23445
12.12707
12.02423
11.92576
11.83151
11.74135
11.65514
11.57276
11.49409
11.41902
11.34744
11.27927
11.2144
11.15275
11.09425
11.03881
10.98637
10.93687
10.89023
10.8464
10.80534
10.76698
10.73129
10.69821
10.66772
10.63978
10.61435
10.59141
10.57093
10.55288
10.53724
10.52401
10.51315
10.50467
10.49854
10.49477
10.49335
10.49428
10.49756
10.50318
10.51117
10.52153
10.53426
10.54939
10.56693
10.5869
10.60932
10.63423
10.66164
10.69159
10.72412
10.75926
10.79705
10.83754
10.88078
10.92683
10.97573
11.02754
11.08234
11.1402
11.20117
11.26536
11.33283
11.40369
11.47801
11.55592
11.63751
11.72291
11.81223
11.9056
11.25308
10.91569
10.75081
9.311666
9.083705
8.992648
8.957264
8.961422
9.005887
9.108567
10.8756
11.15077
11.57052
11.36436
11.16787
10.98047
10.80164
10.63088
10.46774
10.3118
10.16268
10.02002
9.883493
9.752787
9.62762
9.507725
9.392855
9.282778
9.17728
9.076165
8.979238
8.886327
8.797265
8.711904
8.630093
8.5517
8.476599
8.404669
8.335796
8.26988
8.20682
8.146523
8.088902
8.033875
7.981367
7.931301
7.883613
7.838239
7.795117
7.754193
7.715414
7.678728
7.644094
7.611465
7.580802
7.552069
7.525229
7.500251
7.477106
7.455767
7.436207
7.418405
7.40234
7.387995
7.375351
7.364396
7.355116
7.347501
7.341542
7.337234
7.33457
7.333549
7.334168
7.336429
7.340334
7.345888
7.353096
7.361967
7.37251
7.384738
7.398665
7.414307
7.431681
7.450808
7.471709
7.494409
7.518934
7.545314
7.573581
7.603768
7.635911
7.67005
7.706229
7.74449
7.784885
7.827461
7.872278
7.919394
7.968869
8.020773
8.075176
8.132153
8.191786
8.254161
8.319367
8.387504
8.458674
8.532988
8.610561
8.691522
8.776002
8.864141
8.956095
9.05202
9.152094
9.256498
9.365433
9.479106
9.597746
9.721599
9.85092
9.985991
10.12712
10.27462
10.42885
10.59019
10.75904
10.93586
11.12111
11.31531
11.51905
11.73293
11.78275
11.64877
11.52035
11.39725
11.27926
11.16615
11.05774
10.95384
10.85428
10.7589
10.66755
10.58008
10.49636
10.41628
10.33969
10.26651
10.19662
10.12993
10.06634
10.00577
9.948139
9.893366
9.841382
9.792122
9.745522
9.701522
9.66007
9.621114
9.584607
9.550505
9.518764
9.489352
9.462231
9.43737
9.41474
9.394315
9.376071
9.359987
9.346047
9.334233
9.324533
9.316935
9.31143
9.308013
