9.733937
9.735026
9.738294
9.743746
9.751385
9.761223
9.773269
9.787537
9.804043
9.822806
9.843848
9.867193
9.892867
9.9209
9.951325
9.984179
10.0195
10.05733
10.09771
10.1407
10.18634
10.23469
10.28582
10.33979
10.39666
10.45652
10.51943
10.5855
10.65479
10.72741
10.80347
10.88306
10.9663
11.05332
11.14425
11.23922
11.33838
11.44188
11.54991
11.66262
11.78022
11.90291
12.03089
12.16441
12.30371
12.44906
12.60073
12.75904
12.9243
13.09686
13.27711
13.46545
13.6623
13.86814
14.08348
14.30887
14.54489
14.79219
15.05148
15.3235
15.6091
15.90917
15.92965
15.7547
15.58701
15.42626
15.27218
15.12449
14.98296
14.84734
14.71741
14.59298
14.47384
14.35982
14.25075
14.14646
14.0468
13.95164
13.86084
13.77428
13.69183
13.6134
13.53886
13.46814
13.40113
13.33776
13.27794
13.2216
13.16867
13.11909
13.07279
13.02972
12.98983
12.95307
12.9194
12.88878
12.86118
12.83656
12.8149
12.79617
12.78035
12.76742
12.74094
12.32744
12.18325
12.11372
12.09577
9.122788
8.977796
8.917433
8.90178
8.92365
8.989563
9.130193
12.86027
12.88777
12.91828
12.95184
12.98849
13.02827
13.07122
13.11741
13.16688
13.21969
13.27591
13.33561
13.39886
13.46573
13.53633
13.61072
13.68902
13.77133
13.85774
13.94839
14.0434
14.14289
14.24702
14.35592
14.46977
14.58872
14.71297
14.8427
14.97812
15.11944
15.26691
15.42076
15.58127
15.74872
15.9234
16.10565
16.15229
15.85644
15.57466
15.30608
15.04992
14.80544
14.572
14.34896
14.13576
13.93187
10.71517
10.60045
10.56399
10.58146
10.66352
10.87175
12.72868
12.58441
12.44613
12.31358
12.18652
12.06473
11.94799
11.83612
11.72892
11.62622
11.52786
11.43369
11.34356
11.25734
11.1749
11.09613
11.02091
10.94913
10.8807
10.81552
10.75352
10.69459
10.63868
10.58571
10.5356
10.48831
10.44376
10.4019
10.36269
10.32608
10.29202
10.26046
10.23139
10.20475
10.18053
10.15869
10.1392
10.12205
10.10721
10.09468
10.08442
10.07644
10.07073
10.06727
10.06606
10.06711
10.07041
10.07597
10.08379
10.09388
10.10626
10.12093
10.13792
10.15724
10.17892
10.20298
10.22944
10.25835
10.28972
10.32361
10.36004
10.39907
10.44074
10.4851
10.5322
10.5821
10.63488
10.69058
10.74929
10.81108
10.87603
10.94423
11.01577
11.09074
11.16927
11.25144
11.33739
11.42724
10.60934
10.35925
10.21789
10.12776
10.07249
10.0453
10.04348
10.06686
10.11774
10.20212
10.33419
10.55935
11.11784
10.92016
10.73175
10.55205
10.38055
10.21678
10.06032
9.910767
9.767744
9.630915
9.499962
9.374593
9.254532
9.139526
9.029339
8.923749
8.822553
8.725555
8.632577
8.543451
8.458021
8.376137
8.29766
8.222465
8.150427
8.081432
8.015373
7.952149
7.891669
7.833839
7.77858
7.72581
7.675457
7.627452
7.581729
7.538228
7.496891
7.457664
7.420496
7.38534
7.352155
7.320896
7.291527
7.264011
7.238315
7.214408
7.192263
7.171853
7.153153
7.136145
7.120805
7.107118
7.095068
7.084641
7.075824
7.06861
7.062989
7.058954
7.056503
7.055631
7.056337
7.058622
7.06249
7.067945
7.074991
7.083639
7.093896
7.105775
7.119289
7.134455
7.151288
7.169808
7.190038
7.211999
7.23572
7.261227
7.288551
7.317724
7.348783
7.381765
7.41671
7.453664
7.492672
7.533786
7.577056
7.622544
7.670307
7.72041
7.772922
7.827916
7.88547
7.945669
8.0086
8.074354
8.143036
8.21475
8.289608
8.367735
8.449254
8.534306
8.623036
8.715601
8.812168
8.912916
9.018034
9.127728
9.242216
9.361734
9.486535
9.616887
9.753084
9.895441
10.04429
10.20001
10.36299
10.53365
10.71247
10.89994
11.09662
11.3031
11.52003
11.74814
11.9882
11.9117
11.78865
11.6707
11.55765
11.4493
11.34548
11.24602
11.15077
11.05956
10.97227
10.88877
10.80892
10.73263
10.65977
10.59024
10.52396
10.46082
10.40076
10.34368
10.28951
10.23818
10.18964
10.14381
10.10063
10.06007
10.02207
9.986571
9.953547
9.922953
9.894753
9.868915
9.845408
9.824205
9.805284
9.78862
9.774196
9.761994
9.752003
9.744209
9.738605
9.735185
