3.81 -6.45

6.507446 -6.23

9.09 -7.01

1.767467 -3.540328

6.15569 -2.947942

8.530301 -4.835354

9.25 -9.22

8.200002 -9.219999

7.091 -9.220001

3.81 -6.45

6.507446 -6.23

9.09 -7.01

1.942367 0

-0.07619828 0

-1.128744 0

9.25 -9.22

8.200002 -9.219999

7.091 -9.220001

3.81 -6.45

6.507446 -6.23

9.09 -7.01

1.942367 0

-0.07619828 0

-1.128744 0

9.25 -9.22

8.200002 -9.219999

7.091 -9.220001

3.81 -6.45

6.507446 -6.23

9.09 -7.01

1.942367 0

-0.07619828 0

-1.128744 0

9.25 -9.22

8.200002 -9.219999

7.091 -9.220001

3.81 -6.45

6.507446 -6.23

9.09 -7.01

1.942367 0

-0.07619828 0

-1.128744 0

9.25 -9.22

8.200002 -9.219999

7.091 -9.220001

3.81 -6.45

6.507446 -6.23

9.09 -7.01

1.942367 0

-0.07619828 0

-1.128744 0

9.25 -9.22

8.200002 -9.219999

7.091 -9.220001

3.81 -6.45

6.507446 -6.23

9.09 -7.01

1.942367 0

-0.07619828 0

-1.128744 0

9.25 -9.22

8.200002 -9.219999

7.091 -9.220001

3.81 -6.45

6.507446 -6.23

9.09 -7.01

1.942367 0

-0.07619828 0

-1.128744 0

9.25 -9.22

8.200002 -9.219999

7.091 -9.220001

3.81 -6.45

6.507446 -6.23

9.09 -7.01

1.942367 0

-0.07619828 0

-1.128744 0

9.25 -9.22

8.200002 -9.219999

7.091 -9.220001

3.81 -6.45

6.507446 -6.23

9.09 -7.01

1.942367 0

-0.07619828 0

-1.128744 0

9.25 -9.22

8.200002 -9.219999

7.091 -9.220001

3.81 -6.45

6.507446 -6.23

9.09 -7.01

2.819053 -5.218943

6.453907 -4.081446

9.149141 -4.401453

9.25 -9.22

8.200002 -9.219999

7.091 -9.220001

3.81 -6.45

6.507446 -6.23

9.400001 -3.700872

1.942367 0

-0.07619828 0

-1.128744 0

9.25 -9.22

8.200002 -9.219999

7.091 -9.220001

3.81 -6.45

6.507446 -6.23

9.09 -7.01

3.81 -6.45

6.507446 -6.23

9.09 -7.01

9.25 -9.22

8.200002 -9.219999

7.091 -9.220001

3.81 -6.45

6.507446 -6.23

9.09 -7.01

3.81 -6.45

6.507446 -6.23

9.09 -7.01

9.25 -9.22

8.200002 -9.219999

7.091 -9.220001

3.728693 -8.648239

5.707205 -6.630772

8.80334 -6.984518

0 0

0 0

0 0

9.25 -9.22

8.200002 -9.219999

7.091 -9.220001

6.554849 -6.676909

8.691264 -5.892254

3.76718 -7.259046

6.554849 -6.676909

8.691264 -5.892254

3.76718 -7.259046

9.25 -9.22

8.200002 -9.219999

7.091 -9.220001

